784
980
1061
1110
1140
1160
1176
1185
1194
1200
1205
1208
1211
1214
1215
1217
1220
1220
1221
1222
1222
1224
1226
1226
1228
1228
1230
1230
1232
1232
1234
1236
1236
1238
1238
1240
1240
1242
1242
1244
1244
1246
1246
1248
1248
1250
1252
1252
1254
1254
1256
1256
1258
1258
1260
1260
1262
1262
1264
1264
1266
1266
1268
1268
1270
1270
1272
1272
1274
1274
1276
1276
1278
1278
1278
1278
1278
1278
1278
1278
1278
1278
1278
1278
1278
1278
1278
1278
1278
1278
1278
1280
1280
1282
1282
1284
1284
1286
1286
1288
1288
1290
1290
1292
1292
1294
1294
1296
1296
1298
1298
1300
1300
1302
1302
1304
1304
1306
1306
1308
1308
1310
1310
1312
1312
1314
1314
1316
1316
1318
1318
1320
1320
1322
1322
1324
1324
1326
1326
1328
1328
1330
1330
1332
1332
1334
1334
1334
1334
1334



66
81
88
92
96
96
98
98
100
102
102
104
104
106
106
108
108
110
110
112
112
112
112
112


0 0 0 0 0 0 0 0 0 0 0 0 0 0 0 0 0 0 0 0 0 0 0 0 0 0 0 0 0 0 0 0 0 0 0 0 0 0 0 0 0 0 0 0 1 1 0 0 0 0 0 0 0 0 0 0 0 0 0 0 0 0 0 0 0 0 0 0 0 0 0 0 0 0 0 0 0 0 0 0 0 0 0 0 0 0 0 0 0 0 0 0 0 0 0 0 0 0 0 0 0 0 0 0 0 0 0 0 0

  0 0 0 0 0 0 0 0 0 0 0 0 0 0 0 0 0 0 0 0 0 0 0 0 0 0 0 0 0 0 0 0 0 0 0 0 0 0 0 0 1 1 1 1 1 1 0 0 0 0 0 0 0 0 0 0 0 0 0 0 0 0 0 0 0 0 0 0 0 0 0 0 0 0 0 0 0 0 0 0 0 0 0 0 0 0 0 0 0 0 0 0 0 0 0 0 0 0 0 0 0 0 0 0 0 0 0 0 0

0 0 0 0 0 0 0 0 0 0 0 0 0 0 0 0 0 0 0 0 0 0 0 0 0 0 0 0 0 0 0 0 0 0 0 0 0 0 0 0 0 0 0 0 1 1 1 1 1 1 1 1 1 1 1 1 1 1 1 1 1 1 1 1 1 1 1 1 1 1 1 1 1 1 1 1 1 1 1 1 1 1 1 1 1 1 1 1 1 1 1 1 1 1 1 1 1 1 1 1 1 1 1 1 1 1 1 1 1 
 



